Inbound
Interface           Octets(bytes) Unicast(pkts) Multicast(pkts) Broadcast(pkts)
10GE1/0/1             47603131602      92732541         1191957          246192
10GE1/0/2                       0             0               0               0
10GE1/0/3                       0             0               0               0
10GE1/0/4                       0             0               0               0
10GE1/0/5                       0             0               0               0
10GE1/0/6                       0             0               0               0
10GE1/0/7                       0             0               0               0
10GE1/0/8                   90225            45             553              26
10GE1/0/9                       0             0               0               0
10GE1/0/10                      0             0               0               0
10GE1/0/11                      0             0               0               0
10GE1/0/12                      0             0               0               0
10GE1/0/13                      0             0               0               0
10GE1/0/14                      0             0               0               0
10GE1/0/15                      0             0               0               0
10GE1/0/16                      0             0               0               0
10GE1/0/17                      0             0               0               0
10GE1/0/18                      0             0               0               0
10GE1/0/19                      0             0               0               0
10GE1/0/20                      0             0               0               0
10GE1/0/21                      0             0               0               0
10GE1/0/22                      0             0               0               0
10GE1/0/23                      0             0               0               0
10GE1/0/24                      0             0               0               0
10GE1/0/25                      0             0               0               0
10GE1/0/26                      0             0               0               0
10GE1/0/27                      0             0               0               0
10GE1/0/28                      0             0               0               0
10GE1/0/29                      0             0               0               0
10GE1/0/30                      0             0               0               0
10GE1/0/31                      0             0               0               0
10GE1/0/32                      0             0               0               0
10GE1/0/33                      0             0               0               0
10GE1/0/34                      0             0               0               0
10GE1/0/35                      0             0               0               0
10GE1/0/36                      0             0               0               0
10GE1/0/37                      0             0               0               0
10GE1/0/38                      0             0               0               0
10GE1/0/39                      0             0               0               0
10GE1/0/40           303386358879     268072709         5150305         1743773
10GE1/0/41                      0             0               0               0
10GE1/0/42                      0             0               0               0
10GE1/0/43                      0             0               0               0
10GE1/0/44                      0             0               0               0
10GE1/0/45                      0             0               0               0
10GE1/0/46                      0             0               0               0
10GE1/0/47              307645573           913         2054656               0
10GE1/0/48              151543820           934         1022695               1
10GE2/0/1             58677741931     138391813         2759574        24471011
10GE2/0/2                       0             0               0               0
10GE2/0/3                       0             0               0               0
10GE2/0/4                       0             0               0               0
10GE2/0/5                       0             0               0               0
10GE2/0/6                       0             0               0               0
10GE2/0/7                       0             0               0               0
10GE2/0/8                       0             0               0               0
10GE2/0/9                       0             0               0               0
10GE2/0/10                      0             0               0               0
10GE2/0/11                      0             0               0               0
10GE2/0/12                      0             0               0               0
10GE2/0/13                      0             0               0               0
10GE2/0/14                      0             0               0               0
10GE2/0/15                      0             0               0               0
10GE2/0/16                      0             0               0               0
10GE2/0/17                      0             0               0               0
10GE2/0/18                      0             0               0               0
10GE2/0/19                      0             0               0               0
10GE2/0/20                      0             0               0               0
10GE2/0/21                      0             0               0               0
10GE2/0/22                      0             0               0               0
10GE2/0/23                      0             0               0               0
10GE2/0/24                      0             0               0               0
10GE2/0/25                      0             0               0               0
10GE2/0/26                      0             0               0               0
10GE2/0/27                      0             0               0               0
10GE2/0/28                      0             0               0               0
10GE2/0/29                      0             0               0               0
10GE2/0/30                      0             0               0               0
10GE2/0/31                      0             0               0               0
10GE2/0/32                      0             0               0               0
10GE2/0/33                      0             0               0               0
10GE2/0/34                      0             0               0               0
10GE2/0/35                      0             0               0               0
10GE2/0/36                      0             0               0               0
10GE2/0/37                      0             0               0               0
10GE2/0/38                      0             0               0               0
10GE2/0/39                      0             0               0               0
10GE2/0/40                      0             0               0               0
10GE2/0/41                      0             0               0               0
10GE2/0/42                      0             0               0               0
10GE2/0/43                      0             0               0               0
10GE2/0/44                      0             0               0               0
10GE2/0/45                      0             0               0               0
10GE2/0/46                      0             0               0               0
10GE2/0/47           271843217883     237957536         2059692            5942
10GE2/0/48            27225859198     131320392         1027631          343487
40GE1/0/1                       0             0               0               0
40GE1/0/2                       0             0               0               0
40GE1/0/3            141416771791     205263144        33585951         6017334
40GE1/0/4            303276011635     756159557         2848759        18808387
40GE2/0/1                       0             0               0               0
40GE2/0/2                       0             0               0               0
40GE2/0/3            211212816401     230966696        35017677          494703
40GE2/0/4            429131948743     878530550        13124012         1490075
Eth-Trunk10             307645573           913         2054656               0
Eth-Trunk11          271843217883     237957536         2059692            5942
Eth-Trunk20             151543820           934         1022695               1
Eth-Trunk21           27225859198     131320392         1027631          343487
MEth0/0/0                       0             0               0               0
NULL0                           0             0               0               0
Stack-Port1/1        444692783426     961422701        36434710        24825721
Stack-Port2/1        640344765144    1109497246        48141689         1984778
Vlanif130                       0             0               0               0
Vlanif131                       0             0               0               0
Vlanif132                       0             0               0               0
Vlanif997                       0             0               0               0
Outbound
Interface           Octets(bytes) Unicast(pkts) Multicast(pkts) Broadcast(pkts)
10GE1/0/1            157357222605     137910711        23484293        26214890
10GE1/0/2                       0             0               0               0
10GE1/0/3                       0             0               0               0
10GE1/0/4                       0             0               0               0
10GE1/0/5                       0             0               0               0
10GE1/0/6                       0             0               0               0
10GE1/0/7                       0             0               0               0
10GE1/0/8                   75093            49             423              14
10GE1/0/9                       0             0               0               0
10GE1/0/10                      0             0               0               0
10GE1/0/11                      0             0               0               0
10GE1/0/12                      0             0               0               0
10GE1/0/13                      0             0               0               0
10GE1/0/14                      0             0               0               0
10GE1/0/15                      0             0               0               0
10GE1/0/16                      0             0               0               0
10GE1/0/17                      0             0               0               0
10GE1/0/18                      0             0               0               0
10GE1/0/19                      0             0               0               0
10GE1/0/20                      0             0               0               0
10GE1/0/21                      0             0               0               0
10GE1/0/22                      0             0               0               0
10GE1/0/23                      0             0               0               0
10GE1/0/24                      0             0               0               0
10GE1/0/25                      0             0               0               0
10GE1/0/26                      0             0               0               0
10GE1/0/27                      0             0               0               0
10GE1/0/28                      0             0               0               0
10GE1/0/29                      0             0               0               0
10GE1/0/30                      0             0               0               0
10GE1/0/31                      0             0               0               0
10GE1/0/32                      0             0               0               0
10GE1/0/33                      0             0               0               0
10GE1/0/34                      0             0               0               0
10GE1/0/35                      0             0               0               0
10GE1/0/36                      0             0               0               0
10GE1/0/37                      0             0               0               0
10GE1/0/38                      0             0               0               0
10GE1/0/39                      0             0               0               0
10GE1/0/40            33710242743     159806254        16514236         8315553
10GE1/0/41                      0             0               0               0
10GE1/0/42                      0             0               0               0
10GE1/0/43                      0             0               0               0
10GE1/0/44                      0             0               0               0
10GE1/0/45                      0             0               0               0
10GE1/0/46                      0             0               0               0
10GE1/0/47             2782102762           970        17545101            5948
10GE1/0/48             4968390685        245032        22693739        10058510
10GE2/0/1            207072442952     191855915        21916362         1984923
10GE2/0/2                       0             0               0               0
10GE2/0/3                       0             0               0               0
10GE2/0/4                       0             0               0               0
10GE2/0/5                       0             0               0               0
10GE2/0/6                       0             0               0               0
10GE2/0/7                       0             0               0               0
10GE2/0/8                       0             0               0               0
10GE2/0/9                       0             0               0               0
10GE2/0/10                      0             0               0               0
10GE2/0/11                      0             0               0               0
10GE2/0/12                      0             0               0               0
10GE2/0/13                      0             0               0               0
10GE2/0/14                      0             0               0               0
10GE2/0/15                      0             0               0               0
10GE2/0/16                      0             0               0               0
10GE2/0/17                      0             0               0               0
10GE2/0/18                      0             0               0               0
10GE2/0/19                      0             0               0               0
10GE2/0/20                      0             0               0               0
10GE2/0/21                      0             0               0               0
10GE2/0/22                      0             0               0               0
10GE2/0/23                      0             0               0               0
10GE2/0/24                      0             0               0               0
10GE2/0/25                      0             0               0               0
10GE2/0/26                      0             0               0               0
10GE2/0/27                      0             0               0               0
10GE2/0/28                      0             0               0               0
10GE2/0/29                      0             0               0               0
10GE2/0/30                      0             0               0               0
10GE2/0/31                      0             0               0               0
10GE2/0/32                      0             0               0               0
10GE2/0/33                      0             0               0               0
10GE2/0/34                      0             0               0               0
10GE2/0/35                      0             0               0               0
10GE2/0/36                      0             0               0               0
10GE2/0/37                      0             0               0               0
10GE2/0/38                      0             0               0               0
10GE2/0/39                      0             0               0               0
10GE2/0/40                      0             0               0               0
10GE2/0/41                      0             0               0               0
10GE2/0/42                      0             0               0               0
10GE2/0/43                      0             0               0               0
10GE2/0/44                      0             0               0               0
10GE2/0/45                      0             0               0               0
10GE2/0/46                      0             0               0               0
10GE2/0/47            45382486221     152745718        17546387              37
10GE2/0/48           282196166233     231109204        22695609         9716009
40GE1/0/1                       0             0               0               0
40GE1/0/2                       0             0               0               0
40GE1/0/3            211212915177     230966927        35017728          494757
40GE1/0/4            429133966698     878533133        13124541         1490124
40GE2/0/1                       0             0               0               0
40GE2/0/2                       0             0               0               0
40GE2/0/3            141416716264     205262969        33585928         6017320
40GE2/0/4            303276168511     756157371         2848717        18808384
Eth-Trunk10            2782102905           970        17545102            5948
Eth-Trunk11           45382486221     152745718        17546387              37
Eth-Trunk20            4968390912        245032        22693740        10058511
Eth-Trunk21          282196166233     231109204        22695609         9716009
MEth0/0/0                       0             0               0               0
NULL0                           0             0               0               0
Stack-Port1/1        640346938101    1109500158        48142270         1984881
Stack-Port2/1        444692884775     961420340        36434645        24825704
Vlanif130                       0             0               0               0
Vlanif131                       0             0               0               0
Vlanif132                       0             0               0               0
Vlanif997                       0             0               0               0
Inbound
Interface           Octets(bytes) Unicast(pkts) Multicast(pkts) Broadcast(pkts)
10GE1/0/1             47603131602      92732541         1191957          246192
10GE1/0/2                       0             0               0               0
10GE1/0/3                       0             0               0               0
10GE1/0/4                       0             0               0               0
10GE1/0/5                       0             0               0               0
10GE1/0/6                       0             0               0               0
10GE1/0/7                       0             0               0               0
10GE1/0/8                   90225            45             553              26
10GE1/0/9                       0             0               0               0
10GE1/0/10                      0             0               0               0
10GE1/0/11                      0             0               0               0
10GE1/0/12                      0             0               0               0
10GE1/0/13                      0             0               0               0
10GE1/0/14                      0             0               0               0
10GE1/0/15                      0             0               0               0
10GE1/0/16                      0             0               0               0
10GE1/0/17                      0             0               0               0
10GE1/0/18                      0             0               0               0
10GE1/0/19                      0             0               0               0
10GE1/0/20                      0             0               0               0
10GE1/0/21                      0             0               0               0
10GE1/0/22                      0             0               0               0
10GE1/0/23                      0             0               0               0
10GE1/0/24                      0             0               0               0
10GE1/0/25                      0             0               0               0
10GE1/0/26                      0             0               0               0
10GE1/0/27                      0             0               0               0
10GE1/0/28                      0             0               0               0
10GE1/0/29                      0             0               0               0
10GE1/0/30                      0             0               0               0
10GE1/0/31                      0             0               0               0
10GE1/0/32                      0             0               0               0
10GE1/0/33                      0             0               0               0
10GE1/0/34                      0             0               0               0
10GE1/0/35                      0             0               0               0
10GE1/0/36                      0             0               0               0
10GE1/0/37                      0             0               0               0
10GE1/0/38                      0             0               0               0
10GE1/0/39                      0             0               0               0
10GE1/0/40           303386365735     268072722         5150305         1743773
10GE1/0/41                      0             0               0               0
10GE1/0/42                      0             0               0               0
10GE1/0/43                      0             0               0               0
10GE1/0/44                      0             0               0               0
10GE1/0/45                      0             0               0               0
10GE1/0/46                      0             0               0               0
10GE1/0/47              307645573           913         2054656               0
10GE1/0/48              151543820           934         1022695               1
10GE2/0/1             58677755461     138391896         2759574        24471011
10GE2/0/2                       0             0               0               0
10GE2/0/3                       0             0               0               0
10GE2/0/4                       0             0               0               0
10GE2/0/5                       0             0               0               0
10GE2/0/6                       0             0               0               0
10GE2/0/7                       0             0               0               0
10GE2/0/8                       0             0               0               0
10GE2/0/9                       0             0               0               0
10GE2/0/10                      0             0               0               0
10GE2/0/11                      0             0               0               0
10GE2/0/12                      0             0               0               0
10GE2/0/13                      0             0               0               0
10GE2/0/14                      0             0               0               0
10GE2/0/15                      0             0               0               0
10GE2/0/16                      0             0               0               0
10GE2/0/17                      0             0               0               0
10GE2/0/18                      0             0               0               0
10GE2/0/19                      0             0               0               0
10GE2/0/20                      0             0               0               0
10GE2/0/21                      0             0               0               0
10GE2/0/22                      0             0               0               0
10GE2/0/23                      0             0               0               0
10GE2/0/24                      0             0               0               0
10GE2/0/25                      0             0               0               0
10GE2/0/26                      0             0               0               0
10GE2/0/27                      0             0               0               0
10GE2/0/28                      0             0               0               0
10GE2/0/29                      0             0               0               0
10GE2/0/30                      0             0               0               0
10GE2/0/31                      0             0               0               0
10GE2/0/32                      0             0               0               0
10GE2/0/33                      0             0               0               0
10GE2/0/34                      0             0               0               0
10GE2/0/35                      0             0               0               0
10GE2/0/36                      0             0               0               0
10GE2/0/37                      0             0               0               0
10GE2/0/38                      0             0               0               0
10GE2/0/39                      0             0               0               0
10GE2/0/40                      0             0               0               0
10GE2/0/41                      0             0               0               0
10GE2/0/42                      0             0               0               0
10GE2/0/43                      0             0               0               0
10GE2/0/44                      0             0               0               0
10GE2/0/45                      0             0               0               0
10GE2/0/46                      0             0               0               0
10GE2/0/47           271843228595     237957578         2059692            5942
10GE2/0/48            27225865604     131320408         1027631          343489
40GE1/0/1                       0             0               0               0
40GE1/0/2                       0             0               0               0
40GE1/0/3            141416775958     205263154        33585955         6017334
40GE1/0/4            303278594606     756159856         2848759        18808389
40GE2/0/1                       0             0               0               0
40GE2/0/2                       0             0               0               0
40GE2/0/3            211212820701     230966706        35017681          494703
40GE2/0/4            429132114831     878530841        13124012         1490075
Eth-Trunk10             307645573           913         2054656               0
Eth-Trunk11          271843228595     237957578         2059692            5942
Eth-Trunk20             151543820           934         1022695               1
Eth-Trunk21           27225865604     131320408         1027631          343489
MEth0/0/0                       0             0               0               0
NULL0                           0             0               0               0
Stack-Port1/1        444695370564     961423010        36434714        24825723
Stack-Port2/1        640344935532    1109497547        48141693         1984778
Vlanif130                       0             0               0               0
Vlanif131                       0             0               0               0
Vlanif132                       0             0               0               0
Vlanif997                       0             0               0               0
Outbound
Interface           Octets(bytes) Unicast(pkts) Multicast(pkts) Broadcast(pkts)
10GE1/0/1            157357223059     137910711        23484295        26214892
10GE1/0/2                       0             0               0               0
10GE1/0/3                       0             0               0               0
10GE1/0/4                       0             0               0               0
10GE1/0/5                       0             0               0               0
10GE1/0/6                       0             0               0               0
10GE1/0/7                       0             0               0               0
10GE1/0/8                   75093            49             423              14
10GE1/0/9                       0             0               0               0
10GE1/0/10                      0             0               0               0
10GE1/0/11                      0             0               0               0
10GE1/0/12                      0             0               0               0
10GE1/0/13                      0             0               0               0
10GE1/0/14                      0             0               0               0
10GE1/0/15                      0             0               0               0
10GE1/0/16                      0             0               0               0
10GE1/0/17                      0             0               0               0
10GE1/0/18                      0             0               0               0
10GE1/0/19                      0             0               0               0
10GE1/0/20                      0             0               0               0
10GE1/0/21                      0             0               0               0
10GE1/0/22                      0             0               0               0
10GE1/0/23                      0             0               0               0
10GE1/0/24                      0             0               0               0
10GE1/0/25                      0             0               0               0
10GE1/0/26                      0             0               0               0
10GE1/0/27                      0             0               0               0
10GE1/0/28                      0             0               0               0
10GE1/0/29                      0             0               0               0
10GE1/0/30                      0             0               0               0
10GE1/0/31                      0             0               0               0
10GE1/0/32                      0             0               0               0
10GE1/0/33                      0             0               0               0
10GE1/0/34                      0             0               0               0
10GE1/0/35                      0             0               0               0
10GE1/0/36                      0             0               0               0
10GE1/0/37                      0             0               0               0
10GE1/0/38                      0             0               0               0
10GE1/0/39                      0             0               0               0
10GE1/0/40            33710249253     159806270        16514237         8315555
10GE1/0/41                      0             0               0               0
10GE1/0/42                      0             0               0               0
10GE1/0/43                      0             0               0               0
10GE1/0/44                      0             0               0               0
10GE1/0/45                      0             0               0               0
10GE1/0/46                      0             0               0               0
10GE1/0/47             2782102905           970        17545102            5948
10GE1/0/48             4968391139        245032        22693741        10058512
10GE2/0/1            207072480629     191855989        21916365         1984926
10GE2/0/2                       0             0               0               0
10GE2/0/3                       0             0               0               0
10GE2/0/4                       0             0               0               0
10GE2/0/5                       0             0               0               0
10GE2/0/6                       0             0               0               0
10GE2/0/7                       0             0               0               0
10GE2/0/8                       0             0               0               0
10GE2/0/9                       0             0               0               0
10GE2/0/10                      0             0               0               0
10GE2/0/11                      0             0               0               0
10GE2/0/12                      0             0               0               0
10GE2/0/13                      0             0               0               0
10GE2/0/14                      0             0               0               0
10GE2/0/15                      0             0               0               0
10GE2/0/16                      0             0               0               0
10GE2/0/17                      0             0               0               0
10GE2/0/18                      0             0               0               0
10GE2/0/19                      0             0               0               0
10GE2/0/20                      0             0               0               0
10GE2/0/21                      0             0               0               0
10GE2/0/22                      0             0               0               0
10GE2/0/23                      0             0               0               0
10GE2/0/24                      0             0               0               0
10GE2/0/25                      0             0               0               0
10GE2/0/26                      0             0               0               0
10GE2/0/27                      0             0               0               0
10GE2/0/28                      0             0               0               0
10GE2/0/29                      0             0               0               0
10GE2/0/30                      0             0               0               0
10GE2/0/31                      0             0               0               0
10GE2/0/32                      0             0               0               0
10GE2/0/33                      0             0               0               0
10GE2/0/34                      0             0               0               0
10GE2/0/35                      0             0               0               0
10GE2/0/36                      0             0               0               0
10GE2/0/37                      0             0               0               0
10GE2/0/38                      0             0               0               0
10GE2/0/39                      0             0               0               0
10GE2/0/40                      0             0               0               0
10GE2/0/41                      0             0               0               0
10GE2/0/42                      0             0               0               0
10GE2/0/43                      0             0               0               0
10GE2/0/44                      0             0               0               0
10GE2/0/45                      0             0               0               0
10GE2/0/46                      0             0               0               0
10GE2/0/47            45382495722     152745757        17546389              37
10GE2/0/48           282196178543     231109223        22695611         9716009
40GE1/0/1                       0             0               0               0
40GE1/0/2                       0             0               0               0
40GE1/0/3            211212935086     230966969        35017731          494757
40GE1/0/4            429134170590     878533490        13124542         1490124
40GE2/0/1                       0             0               0               0
40GE2/0/2                       0             0               0               0
40GE2/0/3            141416736293     205263011        33585931         6017320
40GE2/0/4            303279295155     756157692         2848717        18808386
Eth-Trunk10            2782103048           970        17545103            5948
Eth-Trunk11           45382497968     152745773        17546389              37
Eth-Trunk20            4968391742        245032        22693742        10058513
Eth-Trunk21          282196178686     231109223        22695612         9716009
MEth0/0/0                       0             0               0               0
NULL0                           0             0               0               0
Stack-Port1/1        640347105676    1109500459        48142273         1984881
Stack-Port2/1        444696031448     961420703        36434648        24825706
Vlanif130                       0             0               0               0
Vlanif131                       0             0               0               0
Vlanif132                       0             0               0               0
Vlanif997                       0             0               0               0
